4847.355038813103
4847.355038813103
4847.355038813103
4847.355038813103
4773.045635986795
4773.045635986795
4756.871848300082
4747.334658335471
4741.23208129816
4741.23208129816
4655.5896868044465
4531.175452807194
4531.175452807194
4524.113672646026
4504.60117582017
4504.60117582017
4486.139669473558
4453.812566663905
4397.405145730906
4347.485946400382
4347.485946400382
4347.485946400382
4347.485946400382
4347.485946400382
4347.485946400382
4347.485946400382
4347.485946400382
4347.485946400382
4339.466557526396
4338.637388495783
4338.637388495783
4338.637388495783
4309.911394158691
4309.911394158691
4309.911394158691
4309.911394158691
4309.911394158691
4299.503995519167
4286.560692329834
4286.560692329834
4286.560692329834
4286.560692329834
4243.29018391102
4243.29018391102
4217.63198558254
4207.257056119804
4207.257056119804
4207.257056119804
4206.8377596780065
4206.8377596780065
4206.317557508022
4206.317557508022
4180.877469091878
4177.391724091161
4162.890625125443
4162.890625125443
4162.890625125443
4162.890625125443
4162.890625125443
4135.658560046995
4135.658560046995
4131.594895025399
4131.594895025399
4131.594895025399
4131.594895025399
4131.594895025399
4121.377486515597
4121.377486515597
4076.823010502885
4076.823010502885
4076.823010502885
4076.823010502885
4076.823010502885
4063.351168778522
4009.4718094230093
4009.4718094230093
4009.4718094230093
3998.8848049663966
3998.8848049663966
3998.8848049663966
3998.8848049663966
3998.8848049663966
3998.8848049663966
3998.8848049663966
3982.0836389649453
3982.0836389649453
3967.616430702855
3967.616430702855
3967.616430702855
3967.616430702855
3967.616430702855
3961.5192823452867
3961.5192823452867
3961.5192823452867
3961.5192823452867
3961.5192823452867
3955.9987718717493
3955.9987718717493
3954.9854862945604
3934.254949008144
3905.610333133291
3905.610333133291
3905.610333133291
3901.152946909852
3901.152946909852
3901.152946909852
3901.152946909852
3901.152946909852
3901.152946909852
3829.4377480473104
3829.4377480473104
3829.4377480473104
3829.4377480473104
3829.4377480473104
3829.4377480473104
3829.4377480473104
3829.4377480473104
3829.4377480473104
3829.4377480473104
3811.6712739404816
3800.151162664031
3800.151162664031
3782.079143558691
3782.079143558691
3782.079143558691
3782.079143558691
3782.079143558691
3782.079143558691
3773.9959438183146
3773.9959438183146
3741.04050718189
3741.04050718189
3741.04050718189
3741.04050718189
3741.04050718189
3741.04050718189
3741.04050718189
3741.04050718189
3741.04050718189
3737.786552422112
3737.786552422112
3737.786552422112
3737.786552422112
3737.786552422112
3721.0877749458864
3721.0877749458864
3721.0877749458864
3688.4364666713423
3688.4364666713423
3688.4364666713423
3659.990916850382
3659.990916850382
3659.990916850382
3659.990916850382
3659.990916850382
3659.990916850382
3659.990916850382
3659.990916850382
3658.0793299870456
3658.0099995752844
3658.0099995752844
3658.0099995752844
3625.1897779250858
3604.4134543772248
3604.4134543772248
3604.4134543772248
3604.4134543772248
3604.4134543772248
3604.4134543772248
3604.4134543772248
3584.863206462371
3584.863206462371
3584.863206462371
3584.863206462371
3536.5224109326155
3536.5224109326155
3536.5224109326155
3536.5224109326155
3501.881436806162
3501.881436806162
3501.881436806162
3501.881436806162
3488.3948038217677
3488.3948038217677
3451.6739832221533
3451.6739832221533
3451.6739832221533
3437.2579944656163
3437.2579944656163
3432.4334432731603
3418.6000413623146
3418.6000413623146
3394.92027289537
3394.92027289537
3394.92027289537
3377.038959606984
3377.038959606984
3377.038959606984
3377.038959606984
3363.7656470745037
3363.7656470745037
3363.7656470745037
3363.7656470745037
3363.7656470745037
3363.6306438625766
3363.6306438625766
3363.6306438625766
3363.6306438625766
3363.6306438625766
3363.6306438625766
3363.6306438625766
3361.531100159999
3361.531100159999
3361.531100159999
3361.531100159999
3361.531100159999
3361.531100159999
3361.531100159999
3361.531100159999
3361.531100159999
3361.531100159999
3319.5672462275174
3319.5672462275174
3319.5672462275174
3319.5672462275174
3319.5672462275174
3319.5672462275174
3319.5672462275174
3319.5672462275174
3319.5672462275174
3303.9857622387294
3303.9857622387294
3303.9857622387294
3303.9857622387294
3303.9857622387294
3303.9857622387294
3298.0756915751704
3263.903871646629
3263.903871646629
3263.903871646629
3263.903871646629
3263.903871646629
3263.903871646629
3263.903871646629
3263.903871646629
3263.903871646629
3263.903871646629
