1.0350784891527214
1.0350784891527214
1.0348362199104084
1.0348362199104084
1.0348362199104084
1.0348362199104084
1.0348362199104084
1.0345940785958052
1.0343520711191188
1.0341102033888792
1.0341102033888792
1.0341099284689912
1.03410982371204
1.03410982371204
1.0338707202089439
1.0338539543180096
1.0338539543180096
1.0336143843726662
1.0333407725929673
1.0333407725929673
1.0333229476105754
1.0333229476105754
1.0330485446776916
1.0330485446776916
1.0330304130861792
1.0330304130861792
1.0330304130861792
1.0330304130861792
1.0327615963538155
1.03249303775183
1.0322247458198746
1.0319567290903793
1.0316889960882674
1.0316889960882674
1.0316686548952525
1.0316686548952525
1.0313211362797263
1.0313211362797263
1.0312991407117573
1.0312991407117573
1.0312991407117573
1.0312991407117573
1.0312991407117573
1.0312991407117573
1.0312991407117573
1.031276909249797
1.0309264376947438
1.0309264376947438
1.0309264376947438
1.0306272426886183
1.0306272426886183
1.0306272426886183
1.0306095675369813
1.0306095675369813
1.0306095675369813
1.0305841795720403
1.0302824497252963
1.030258282886316
1.030258282886316
1.0298742039600999
1.0295577280272574
1.0295577280272574
1.0295577280272574
1.0291595506560418
1.0291346349335062
1.0291083140550898
1.0291083140550898
1.028707072264452
1.028707072264452
1.0283060920422642
1.0283060920422642
1.0283060920422642
1.0283060920422642
1.0283060920422642
1.0282769974592476
1.0279137308177058
1.0275508954223802
1.0271885029688081
1.0271584481961826
1.0271584481961826
1.027129660178159
1.0266810689781019
1.0266810689781019
1.026635353720752
1.026606607370218
1.0265697597324548
1.0265242967123849
1.0260674924822932
1.0260283190029185
1.0260283190029185
1.025627499727207
1.0255978386904874
1.025548254883209
1.0255199018917567
1.0254929988402015
1.0254929988402015
1.0254929988402015
1.0250885046467337
1.0250623658574112
1.0250623658574112
1.0250623658574112
1.0250623658574112
1.0250112755752108
1.0250112755752108
1.0246047447660984
1.0246047447660984
1.0246047447660984
1.0246047447660984
1.0241987608662155
1.0241987608662155
1.0241987608662155
1.0241987608662155
1.0241987608662155
1.0241447284534817
1.0241185493752667
1.0237106175764807
1.0237106175764807
1.0236854153693156
1.0236854153693156
1.0236854153693156
1.0232774478732836
1.0232203255941148
1.0231960740866106
1.022629647330595
1.0220636092802442
1.0220636092802442
1.0214979723376896
1.0214331086674844
1.0208650556598735
1.0207983564391518
1.0202279342807972
1.020200967298371
1.020200967298371
1.0201760119280436
1.0201760119280436
1.0201760119280436
1.0201086078657795
1.020085562487836
1.020085562487836
1.0195918201471146
1.0195918201471146
1.0190012344006156
1.0190012344006156
1.0189290812848921
1.018857502608301
1.018857502608301
1.018857502608301
1.018857502608301
1.018857502608301
1.018857502608301
1.018857502608301
1.0187865007611916
1.0187110464255231
1.0186884617489091
1.0186884617489091
1.018085917843059
1.018085917843059
1.018085917843059
1.017552347714748
1.017476141678407
1.0173961294416969
1.0173961294416969
1.017374432602497
1.017374432602497
1.017298311950879
1.017298311950879
1.0167581095173206
1.0167581095173206
1.016218734146724
1.0161983883902261
1.0161804785978048
1.0161804785978048
1.0161650065237422
1.0155045646425966
1.0154210782007844
1.0148631954189926
1.0148631954189926
1.0147732153914484
1.0147593931656256
1.0147593931656256
1.014670674416898
1.014670674416898
1.014670674416898
1.0141087363102659
1.0141087363102659
1.0134072125596452
1.0134072125596452
1.0133953650810825
1.013303473165277
1.0127237963895674
1.0127144512296495
1.0127144512296495
1.0127144512296495
1.0127144512296495
1.0127144512296495
1.0121355514478994
1.0121355514478994
1.0113987258710457
1.0113918633165369
1.0112904419174455
1.0112904419174455
1.0112865001433224
1.0112865001433224
1.011186463917377
1.011186463917377
1.0110872056008038
1.0104856725547342
1.0104846517460953
1.0104846517460953
1.0104846517460953
1.0104846517460953
1.0103812844233562
1.0096151747911049
1.0096151747911049
1.0096151747911049
1.0096151747911049
1.0096151747911049
1.0089960447133284
1.0089960447133284
1.0089960447133284
1.0083780106983842
1.0083780106983842
1.0083780106983842
1.0083780106983842
1.0077610929784047
1.0077610929784047
1.0077610929784047
1.0077610929784047
1.0077610929784047
1.0077610929784047
1.0077610929784047
1.0077610929784047
1.0077610929784047
1.0076486568331577
1.0076486568331577
1.0076486568331577
1.0076486568331577
1.0076486568331577
1.0076486568331577
1.0075379069730526
1.0075379069730526
1.0067170052517482
1.0067170052517482
1.0067170052517482
1.0067170052517482
1.0067170052517482
1.0067170052517482
1.0067170052517482
1.0067170052517482
1.0067170052517482
1.006080147984889
1.006080147984889
1.006080147984889
1.006080147984889
1.0059601631477757
1.0059601631477757
1.0059601631477757
1.005321874940743
1.0052039810768774
1.0050879004514144
1.0050879004514144
1.0042244373297267
1.0042244373297267
1.0040978053163636
1.0032313014509804
1.0031095612964238
1.0024296717175711
1.0017511054555894
1.0017511054555894
1.001626354101199
1.001626354101199
1.001626354101199
1.001626354101199
1.001626354101199
1.0014902139193942
1.0014902139193942
1.0014902139193942
1.000580652516828
1.000580652516828
1.0004416104033729
1.00031418179569
1.00031418179569
1.00031418179569
1.0001756068277592
1.0000380970831253
1.0000380970831253
1.0000380970831253
0.9991141370961414
0.9989841288563582
0.9989841288563582
0.9989841288563582
0.9989841288563582
0.9989841288563582
0.9989841288563582
0.998057565669312
0.998057565669312
0.998057565669312
0.998057565669312
0.9979262632355013
0.9977971623185405
0.9976512048811547
0.9968971326488986
0.9968971326488986
0.9968971326488986
0.9968971326488986
0.9968971326488986
0.9968971326488986
0.9968971326488986
0.9967671510477845
0.9967671510477845
0.9967671510477845
0.9960120909248552
0.9960120909248552
0.9960120909248552
0.9958608634691908
0.9951044464207126
0.9951044464207126
0.9941095614825329
0.9941095614825329
0.9941095614825329
0.9939525602306226
0.9939525602306226
0.9929546030452915
0.9929546030452915
0.9929546030452915
0.9929546030452915
0.9929546030452915
0.9927947952007977
0.9927947952007977
0.9917938204782663
0.9909818376288834
0.9901715792498762
0.9901715792498762
0.9901715792498762
0.9901715792498762
0.990002953369616
0.990002953369616
0.9891914195073461
0.9891914195073461
0.9881360896301609
0.9881360896301609
0.9881360896301609
0.9881360896301609
0.9881360896301609
0.9879616201915621
0.9879616201915621
0.9879616201915621
0.9879616201915621
0.9878037094686819
0.986971118641565
0.986971118641565
0.986971118641565
0.986971118641565
0.986971118641565
0.9868132552336419
0.9866581675393828
0.9866581675393828
0.9864800652855177
0.9864800652855177
0.9863271247385987
0.9854854248022367
0.9854854248022367
0.9854854248022367
0.9854854248022367
0.9854854248022367
0.9846456380416891
0.9846456380416891
0.9846456380416891
0.9835165627256942
0.9835165627256942
0.9835165627256942
0.9833576707119938
0.9822261630769512
0.9822261630769512
0.9822261630769512
0.9822261630769512
0.9822261630769512
0.9822261630769512
0.9822261630769512
0.9822261630769512
0.9822261630769512
0.9813511314742045
0.981155166672354
0.981155166672354
0.981155166672354
0.981155166672354
0.9802790186373784
0.9802790186373784
0.9794049614457763
0.9792042642580634
0.9792042642580634
0.9792042642580634
0.9790355669302487
0.9790355669302487
0.9778407091100361
0.9776714882779036
0.9776714882779036
0.9767738381002513
0.9767738381002513
0.9767738381002513
0.9755592271102607
0.9755592271102607
0.9755592271102607
0.9753465188814235
0.9753465188814235
0.9753465188814235
0.9753465188814235
0.9741287144576696
0.9729123122346621
0.9727320118464332
0.9727320118464332
0.9727320118464332
0.9727320118464332
0.971778502683412
0.971778502683412
0.971778502683412
0.971778502683412
0.971778502683412
0.971778502683412
0.9715543695796871
0.9715543695796871
0.9715543695796871
0.970313713535621
0.970313713535621
0.970313713535621
0.970129844731168
0.9688869911911641
0.9688869911911641
0.9688869911911641
0.967645649090339
0.9666361475077732
0.9653789350988926
0.9653789350988926
0.9653789350988926
0.9653789350988926
0.9653789350988926
0.9651850447116674
0.9651850447116674
0.9651850447116674
0.9651850447116674
0.9651850447116674
0.9649393924939488
0.9649393924939488
0.9636754808691346
0.9634272079046232
0.9634272079046232
0.9631809538995361
0.9631809538995361
0.9619095062195346
0.9617100712608734
0.9604366675694755
0.9604366675694755
0.9602377647086657
0.9602377647086657
0.9602377647086657
0.9602377647086657
0.9602377647086657
0.9602377647086657
0.9602377647086657
0.9591414667143469
0.9591414667143469
0.9591414667143469
0.9589438832689818
0.9587505211822076
0.9587505211822076
0.9587505211822076
0.9587505211822076
0.9576514421283774
0.9574595913072247
0.9563606728770333
0.9552646721197046
0.9552646721197046
0.9552646721197046
0.9552646721197046
0.9552646721197046
0.955071806866688
0.9539761148361543
0.9528834199695038
0.9528834199695038
0.9528834199695038
0.9528834199695038
0.9517937583641873
0.9517937583641873
0.9517937583641873
0.9507071660182145
0.9505083963189898
0.9494223469159399
0.9494223469159399
0.9494223469159399
0.9494223469159399
0.9479716305718084
0.9468713340608041
0.9468713340608041
0.9468713340608041
0.9468713340608041
0.9468713340608041
0.946668647496572
0.946668647496572
0.946668647496572
0.9451989501489163
0.9448923981649152
0.9448923981649152
0.9445883368594133
0.9445883368594133
0.9443855136290806
0.9432584883072722
0.9432584883072722
0.9429524502321694
0.9418250642794592
0.9418250642794592
0.9418250642794592
0.9415178743377135
0.9415178743377135
0.9403902151107065
0.9392660124656952
0.9392660124656952
0.9392660124656952
0.9377040890101646
0.9365659771516739
0.9354314505871826
0.9354314505871826
0.9343005468251939
0.9331733032551188
0.9331733032551188
0.9331733032551188
0.9320497571460288
0.9320497571460288
0.9320497571460288
0.9318244599117411
0.9301745553313047
0.9301745553313047
0.9301745553313047
0.9301745553313047
0.9301745553313047
0.9301745553313047
0.9290351378915385
0.9273704152920732
0.9273704152920732
0.9273704152920732
0.9273704152920732
0.9270192079715581
0.9270192079715581
0.9270192079715581
0.9266709435833289
0.9255108587780967
0.925277169152965
0.9241185590651071
0.9229639538328002
0.9229639538328002
0.9229639538328002
0.9229639538328002
0.9229639538328002
0.9227313455963343
0.9227313455963343
0.9227313455963343
0.9227313455963343
0.9227313455963343
0.9227313455963343
0.9215783743051265
0.9212167710938447
0.9212167710938447
0.9212167710938447
0.9212167710938447
0.9212167710938447
0.9212167710938447
0.9212167710938447
0.9212167710938447
0.9212167710938447
0.9212167710938447
0.9194615137157379
0.9194615137157379
0.9190972746387261
0.9190972746387261
0.91886304541202
0.91886304541202
0.91886304541202
0.91886304541202
0.9185011553563371
0.9173218807708842
0.9173218807708842
0.9155368519765716
0.9155368519765716
0.9151688129908608
0.9151688129908608
0.9151688129908608
0.9139730199921765
0.9139730199921765
0.9137350747204556
0.9137350747204556
0.9137350747204556
0.9137350747204556
0.9125412649342305
0.9125412649342305
0.9107152025628322
0.9103366157099674
0.9103366157099674
0.9103366157099674
0.9085075049538626
0.9072803341210607
0.9068957349610528
0.9050465866217452
0.9050465866217452
0.9050465866217452
0.9050465866217452
0.9038032980431909
0.9038032980431909
0.9038032980431909
0.9038032980431909
0.9035521462021876
0.9016850707745818
0.9016850707745818
0.9016850707745818
0.9016850707745818
0.9016850707745818
0.9016850707745818
0.9016850707745818
0.9016850707745818
0.8998208771582473
0.8998208771582473
0.899418053407446
0.8990188781521964
0.8990188781521964
0.8990188781521964
0.8987658634207827
0.8987658634207827
0.8987658634207827
0.898520130597399
0.898520130597399
0.8972329285001424
0.8972329285001424
0.8972329285001424
0.8972329285001424
0.8972329285001424
0.8972329285001424
0.8972329285001424
0.8969922063409513
0.8969922063409513
0.895091735999151
0.8948549938994994
0.8948549938994994
0.8948549938994994
0.8948549938994994
0.8935511467642608
0.8933197107382352
0.8930958349865254
0.8930958349865254
0.8928795317336604
0.8928795317336604
0.8928795317336604
0.8928795317336604
0.8928795317336604
0.8928795317336604
0.8928795317336604
0.8915744217307625
0.8915744217307625
0.8915744217307625
0.8915744217307625
0.8915744217307625
0.8915744217307625
0.8915744217307625
0.8915744217307625
0.8902744278542767
0.8902744278542767
0.8883128020162415
0.8883128020162415
0.8883128020162415
0.8883128020162415
0.88700102998507
0.886783313182106
0.886783313182106
0.886783313182106
0.8863513749116394
0.8863513749116394
0.886140876364443
0.886140876364443
0.886140876364443
0.886140876364443
0.886140876364443
0.8857122527171224
0.8852876285558011
0.8852876285558011
0.8852876285558011
0.8852876285558011
0.8839659272829005
0.8839659272829005
0.8839659272829005
0.8839659272829005
0.883541609106856
0.8833352509021694
0.8833352509021694
0.8813102466478646
0.8813102466478646
0.8792885424524061
0.8792885424524061
0.8779326052901231
0.8779326052901231
0.8765822490810007
0.8761422573122009
0.8761422573122009
0.8759339761071221
0.8759339761071221
0.8759339761071221
0.8759339761071221
0.8759339761071221
0.8738729352023844
0.8738729352023844
0.8738729352023844
0.8734307214465086
0.8734307214465086
0.8734307214465086
0.8734307214465086
0.8729928215024398
0.8725592469785398
0.8725592469785398
0.8721300093762848
0.8721300093762848
0.8717051200899788
0.8717051200899788
0.8714994811237695
0.8694104836314562
0.8680059418496231
0.8680059418496231
0.8666073218170194
0.8666073218170194
0.8666073218170194
0.8652146698835731
0.8650097360825618
0.8636213578710634
0.8636213578710634
0.8622390474532173
0.8622390474532173
0.8622390474532173
0.8622390474532173
0.8622390474532173
0.8622390474532173
0.8622390474532173
0.8622390474532173
0.8622390474532173
0.8622390474532173
