1.3298356280466037
1.329712466940395
1.329712466940395
1.3296151853705618
1.3294922141452423
1.3294922141452423
1.3293692785039537
1.3293692785039537
1.3292723557916823
1.3292640331292511
1.3291412553268454
1.3291142471724062
1.3291142471724062
1.3290080602456662
1.328901917482032
1.3288933202083966
1.3288933202083966
1.3288933202083966
1.3288847691611383
1.3288847691611383
1.3288847691611383
1.3288847691611383
1.3288584285189688
1.3288584285189688
1.3288584285189688
1.3288584285189688
1.3288497898494565
1.3288497898494565
1.3288497898494565
1.3287275631350224
1.3287275631350224
1.3287275631350224
1.3287275631350224
1.3287275631350224
1.3287275631350224
1.3287275631350224
1.3287189440314446
1.3287189440314446
1.3285967298845378
1.3285881303045532
1.3285881303045532
1.3285881303045532
1.3285881303045532
1.3285881303045532
1.3285881303045532
1.328493037379966
1.328493037379966
1.328493037379966
1.328493037379966
1.328493037379966
1.3284844019824076
1.3284586248313737
1.3284586248313737
1.3284586248313737
1.328353522368271
1.3282317069930833
1.3282229264115384
1.3281287513746345
1.328034624751574
1.328034624751574
1.328034624751574
1.3279405466551377
1.3279171327990509
1.3279171327990509
1.3279171327990509
1.3278937674238294
1.3278937674238294
1.3278704507110821
1.3278471828424514
1.3278378849359915
1.3278378849359915
1.327717042450616
1.32761422180386
1.32761422180386
1.3274934649342014
1.3274934649342014
1.3274708009605594
1.3274708009605594
1.3273502386504037
1.3272297234768449
1.3272297234768449
1.3272203356185945
1.3272203356185945
1.3272203356185945
1.3272203356185945
1.3272203356185945
1.3271179859220255
1.3271086302517152
1.3270063123257632
1.3270063123257632
1.3269969889116353
1.326876564893027
1.3267561883254035
1.3267468999387702
1.3266446656302726
1.3266446656302726
1.3266446656302726
1.3265424801333878
1.3265424801333878
1.3264403435181744
1.326320110931251
1.326320110931251
1.3262995214555287
1.3261794557235356
1.3261794557235356
1.3260594384555824
1.326039136862249
1.326039136862249
1.326039136862249
1.3259192879101924
1.3259192879101924
1.3259192879101924
1.3257994879356372
1.3257994879356372
1.3257994879356372
1.3256981381595303
1.325688717628309
1.325688717628309
1.3255689826977006
1.3255689826977006
1.3255689826977006
1.3255493218363836
1.325529710843746
1.325529710843746
1.325529710843746
1.3254102535372194
1.3253217538865272
1.3252023498756815
1.3252023498756815
1.3251139036317978
1.325104439569486
1.3250037259074643
1.3250037259074643
1.324884377342648
1.324884377342648
1.324783716143974
1.324783716143974
1.324783716143974
1.324765475312003
1.3247472845206163
1.3246470996431448
1.324546964956358
1.324546964956358
1.324459021973489
1.3243398582479318
1.3242397286037553
1.3242397286037553
1.3242302721741037
1.324130196045326
1.3240422274323045
1.3239230850307573
1.3239230850307573
1.3239230850307573
1.3238351573095728
1.3238257609275337
1.3238257609275337
1.3237378860842088
1.3236500612726683
1.3236500612726683
1.3236500612726683
1.3235309420509311
1.3235309420509311
1.3235216019010325
1.3235216019010325
1.3235052118535806
1.3234051412792638
1.3233889012095388
1.3233727112025089
1.3232853069175734
1.3232853069175734
1.3232853069175734
1.323269303462981
1.323269303462981
1.323269303462981
1.323182085712883
1.323166268800512
1.3231569630772761
1.3231569630772761
1.3231477074470883
1.3230606954604063
1.3229606860634018
1.3229606860634018
1.322945091128276
1.322945091128276
1.322945091128276
1.322945091128276
1.322945091128276
1.3228451732148925
1.3228296697210697
1.322820475259933
1.322820475259933
1.3228113308577414
1.322711511819841
1.322711511819841
1.322711511819841
1.3226243183481998
1.3225243709399734
1.3225243709399734
1.3224244735587531
1.322336973185631
1.322336973185631
1.3222178576993253
1.3220987922145608
1.3220835394951738
1.3219835139287237
1.3219744374969522
1.3218744620190417
1.3218744620190417
1.3218744620190417
1.3218744620190417
1.3218744620190417
1.3217866537902787
1.3217714507442238
1.3216524355362143
1.3216524355362143
1.3216524355362143
1.3215523131049587
1.3215523131049587
1.3215371424787863
1.3215371424787863
1.321522021858329
1.321522021858329
1.321506951244077
1.321506951244077
1.321506951244077
1.3214919306365203
1.3213917876045254
1.3212728442411428
1.3212728442411428
1.3212728442411428
1.3211727619934246
1.3210538794641473
1.3210448457795523
1.3210298439742982
1.320911014167538
1.3208960646959689
1.3208870804184791
1.3208870804184791
1.3207683033854065
1.3207593695129052
1.3207444714761478
1.3207444714761478
1.3207444714761478
1.3207444714761478
1.3207444714761478
1.3207355871806128
1.3207207387156583
1.3206320700178937
1.3205317014120967
1.3205228524112131
1.3205228524112131
1.3204339229240993
1.3204339229240993
1.3204189758001328
1.3204040787727436
1.3203952646466348
1.3203952646466348
1.3203952646466348
1.3203952646466348
1.3203804158975572
1.3203716500914366
1.3203716500914366
1.3202825447546411
1.3201813996588594
1.3201664667322768
1.3200653070907324
1.320050359483253
1.320050359483253
1.320050359483253
1.320050359483253
1.320050359483253
1.3199491854430212
1.319934223259766
1.3198330349792136
1.3198330349792136
1.3197421534915532
1.3197421534915532
1.3197421534915532
1.3197421534915532
1.3197421534915532
1.319727043877641
1.3196091323296073
1.3196003097809452
1.3196003097809452
1.3196003097809452
1.3196003097809452
1.3196003097809452
1.3196003097809452
1.3196003097809452
1.3195852780577915
1.3194674593853664
1.3194674593853664
1.3194674593853664
1.3194674593853664
1.3194674593853664
1.3194674593853664
1.3193496923128165
1.3192482987560779
1.3192482987560779
1.3191306940727336
1.319029462192608
1.319029462192608
1.3190206773834081
1.3189032453632044
1.318785865014956
1.3186685362250918
1.3186685362250918
1.3186685362250918
1.3186598321358518
1.3186598321358518
1.3186598321358518
1.3186598321358518
1.3185693524078197
1.318468189051597
1.318468189051597
1.3183774692911276
1.3183774692911276
1.3183774692911276
1.3183774692911276
1.3183774692911276
1.318260824983682
1.318260824983682
1.3182457015636593
1.31814438868078
1.3180535857722449
1.3180535857722449
1.3180535857722449
1.3180535857722449
1.3180535857722449
1.3179375132227014
1.3179375132227014
1.3179375132227014
1.317922332513762
1.317922332513762
1.317922332513762
1.317922332513762
1.317922332513762
1.3178317578328642
1.317716119175396
1.317716119175396
1.317716119175396
1.3176146547983685
1.3174992894056539
1.3173839765226845
1.3173839765226845
1.3172687158591436
1.3172687158591436
1.3172687158591436
1.3172537961875115
1.3172537961875115
1.3172537961875115
1.3172389270148217
1.3172389270148217
1.3172389270148217
1.3172389270148217
1.3172389270148217
1.3172389270148217
1.3172302205756539
1.3172302205756539
1.3172302205756539
1.3172302205756539
1.3171293544192688
1.3171293544192688
1.3170395177132213
1.3170395177132213
1.3169385262209188
1.3169385262209188
1.3169298201378123
1.316914799236316
1.316914799236316
1.3168247262053567
1.3167347037849813
1.316719559060234
1.316719559060234
1.316719559060234
1.316719559060234
1.3167044651944309
1.3167044651944309
1.3167044651944309
1.3167044651944309
1.3165916848805013
1.3165019846737773
1.3165019846737773
1.3163897035491285
1.3163749139359926
1.3163662527253874
1.3163662527253874
1.3163662527253874
1.3163662527253874
1.3163662527253874
1.3163662527253874
1.3162652353340067
1.3161758115834699
1.3160747044439605
1.3160747044439605
1.3160660429268434
1.3160660429268434
1.3159649709058152
1.3158639506938314
1.3158639506938314
1.3157541792777332
1.3157393734771015
1.3157393734771015
1.3156500832616154
1.3156500832616154
1.315641482965011
1.3155326827935483
1.3154324463493325
1.3154324463493325
1.3154324463493325
1.3154324463493325
1.3154324463493325
1.3154324463493325
1.3154239620909556
1.3154239620909556
1.3154239620909556
1.3154239620909556
1.3153237666508817
1.3153237666508817
1.3153237666508817
1.3152349391092253
1.315220244519434
1.315220244519434
1.315220244519434
1.315220244519434
1.315220244519434
1.3151135158442782
1.3150068389896163
1.314919412454944
1.314919412454944
1.314911125683332
1.3148970719570752
1.314797824960635
1.314789583912922
1.3146903844201374
1.3145861421675602
1.3145861421675602
1.3145861421675602
1.3145861421675602
1.3145861421675602
1.31449950266093
1.3144129130470732
1.314404831453678
1.3143967996701487
1.3143102646442475
1.3143102646442475
1.3143102646442475
1.3143102646442475
1.3143022850045813
1.3142158021922064
1.3141172922771225
1.314030872392033
1.314030872392033
1.314030872392033
1.314030872392033
1.3140172549345885
1.314003687297689
1.314003687297689
1.3139056556730715
1.3139056556730715
1.313897885990741
1.313897885990741
1.313897885990741
1.313897885990741
1.3138002723651774
1.3138002723651774
1.3137872786417168
1.3137872786417168
1.3137872786417168
1.3137872786417168
1.3137795718254446
1.3137795718254446
1.3137719140308344
1.313764305250601
1.3136682800447494
1.3136682800447494
1.3136682800447494
1.3136682800447494
1.3136682800447494
1.313572299691219
1.313572299691219
1.3134763620214551
1.3134650113560609
1.3133701523372963
1.3133701523372963
1.3133701523372963
1.3133589397318273
1.3133519148883528
1.3133519148883528
1.3133519148883528
1.3132581346853713
1.3132581346853713
1.3132581346853713
1.3132581346853713
1.3132581346853713
1.3131772529730372
1.3131772529730372
1.3131772529730372
1.3131772529730372
1.3131772529730372
1.3130836773610186
1.3130836773610186
1.3130836773610186
1.3130836773610186
1.3130030625472442
1.3129224948378733
1.3129224948378733
1.3128419741125095
1.3127536075930457
1.3127536075930457
1.3127536075930457
1.3127536075930457
1.312665272477108
1.3125745192529334
1.3124965806756215
1.312410490791341
1.3123337539047204
1.3123337539047204
1.3122570615680256
1.3121733054548517
1.3120978115030475
1.3120978115030475
1.3120978115030475
1.3120978115030475
1.3120978115030475
1.3120924322505998
1.3120924322505998
1.3120924322505998
1.3120924322505998
1.3120924322505998
1.3120170596334033
1.311935884968365
1.311930878882793
1.3119259101730327
1.3118407541703216
1.3117613878166443
1.3117613878166443
1.3116775445842699
1.3116775445842699
1.3115937289868163
1.3115937289868163
1.3115937289868163
1.3115937289868163
1.3115937289868163
1.3115937289868163
1.3115937289868163
1.3115169294989768
1.3115169294989768
1.3115128369051199
1.3115087774505592
1.3115087774505592
1.3115069826853416
1.3114250621513286
1.3114250621513286
1.3113560736972865
1.3113560736972865
1.3112747037613421
1.3112062813462892
1.3112062813462892
1.311136484667743
1.3111333223818844
1.3111333223818844
1.3110664947050823
1.3110634903281027
1.3110634903281027
1.310984902033758
1.3109186379372613
1.310841525889326
1.3107766966123315
1.310711836454965
1.310711836454965
1.3106376458289026
1.3106376458289026
1.3106312296724112
1.3105565044323944
1.3104963724890542
1.3104950466424765
1.3104950466424765
1.3104950466424765
1.3104950466424765
1.3104211687322391
1.3104211687322391
1.3104211687322391
1.3103613313799778
1.3103613313799778
1.3103605568165722
1.3103605568165722
1.3103605568165722
1.310288310349557
1.310288310349557
1.3102780151335547
1.3102051722359112
1.3101323275720793
1.3101319063491377
1.310076143823239
1.310076143823239
1.310076143823239
1.3100759304730338
1.3100759304730338
1.3100759304730338
1.3100759304730338
1.3100759304730338
1.3100041250158185
1.3100041250158185
1.3100041250158185
1.3100041250158185
1.3099323130268508
1.3099321955796919
1.3098807093995621
1.3098807093995621
1.3098101934816473
1.3098101934816473
1.3098101934816473
1.30976010185684
1.3097427603590055
1.3096910097195724
1.3096910097195724
1.3096721065135963
1.3096721065135963
1.3096186950860345
1.309551049710043
1.309551049710043
1.3094989356931557
1.3094989356931557
1.3094761130070807
1.3094761130070807
1.3094295900549437
1.3094295900549437
1.309427416863629
1.309427416863629
1.309427416863629
1.3094038408970756
1.3094019118524463
1.3093344903215784
1.3093344903215784
1.309281272979634
1.309281272979634
1.309215154474552
1.3092124050499139
1.3092124050499139
1.3092124050499139
1.309146052858156
1.309146052858156
1.309146052858156
1.309146052858156
1.3091430947154825
1.3091430947154825
1.3091430947154825
1.309098733168903
1.3090707518087286
1.3090707518087286
1.309042781678454
1.309042781678454
1.3089753536939919
1.3089296122074705
1.3089296122074705
1.3089296122074705
1.3089296122074705
1.3089296122074705
1.308862940590559
1.308862940590559
1.3087962384739222
1.3087962384739222
1.3087646201108698
1.3087646201108698
1.3087646201108698
1.3087646201108698
1.3087646201108698
1.3087646201108698
1.3087646201108698
1.3087646201108698
1.3087613635401183
1.3087613635401183
1.3087613635401183
1.3087112170852593
1.3086673156464084
1.3086673156464084
1.3086673156464084
1.3086673156464084
1.3086673156464084
1.3086673156464084
1.3086234303508768
1.3086234303508768
1.3085795603606205
1.3085343474994995
1.3084955112682572
1.3084566801590423
1.3083918422376817
1.3083520288801693
1.3083520288801693
1.3083068610410062
1.3082617079740562
1.3081973267382172
1.3081973267382172
1.3081529273631878
1.3081529273631878
1.3081082564495738
1.3080617240235812
1.3080617240235812
1.3080617240235812
1.3079982386203932
1.3079347071686704
1.3079347071686704
1.3079347071686704
1.3079347071686704
1.3078711279832762
1.3078711279832762
1.307829203713008
1.307829203713008
1.3078228982618065
1.3078228982618065
1.3078228982618065
1.3078228982618065
1.3078165755418525
1.3078165755418525
1.3078165755418525
1.3077658522830409
1.3077658522830409
1.3077658522830409
1.3077658522830409
1.3077219504513133
1.3076787428635548
1.3076720554753258
1.3076720554753258
1.3076720554753258
1.3076653500947755
1.3076653500947755
1.307658627201293
1.3076137297768613
1.3076137297768613
1.3076137297768613
1.3075582096354776
1.3075582096354776
1.3075582096354776
1.3075582096354776
1.3075582096354776
1.307502689176903
1.307502689176903
1.307502689176903
1.307502689176903
1.307452853396295
1.307452853396295
1.307452853396295
1.307452853396295
1.307452853396295
1.307452853396295
1.307452853396295
1.3074095611796266
1.3073469985978847
1.3072863280665699
1.3072256572579548
1.3072256572579548
1.3072256572579548
1.3071605604856131
1.3071605604856131
1.307109207544609
1.307044776525532
1.307044776525532
1.3069907575245066
1.3069467517392594
1.3069467517392594
1.3069396741442396
1.3069396741442396
1.3069396741442396
1.3069325784538102
1.3069325784538102
1.3069325784538102
1.3069325784538102
1.3069325784538102
1.3069325784538102
1.3069325784538102
1.3069325784538102
1.3069254651653721
1.3069254651653721
1.3069254651653721
1.3069183347785782
1.306853673896492
1.306853673896492
1.3068462818586681
1.3068462818586681
1.3068462818586681
1.3068388726575455
1.3068388726575455
1.3067726099337136
1.3067154349477854
1.3067154349477854
1.3067154349477854
1.306649887623341
1.306649887623341
1.306649887623341
1.3065842898401467
1.3065186400313822
1.3064529366353284
1.3064529366353284
1.3064098470508758
1.3063575045070313
1.3063575045070313
1.3063575045070313
1.3063575045070313
1.3063049910693436
1.3063049910693436
1.3063049910693436
1.306241735886322
1.3061899802292254
1.3061899802292254
1.3061899802292254
1.3061899802292254
1.3061899802292254
1.3061046951790565
1.306064080495586
1.306023469507476
1.306023469507476
1.305982861322196
1.305982861322196
1.3059722956535589
1.3059101301330849
1.305899263674067
1.3058586006157586
1.3057655970841997
1.305702191736203
1.305702191736203
1.305702191736203
1.305702191736203
1.3056601797370224
1.3056094318286062
1.3056094318286062
1.3056094318286062
1.3056094318286062
1.3055979118982852
1.3055979118982852
1.3055863599624546
1.3055448093034319
1.3055032589668774
1.3055032589668774
1.3054909683066596
1.3054407272520758
1.3054407272520758
1.3054278615921326
1.3053867221354454
1.305373456167985
1.305373456167985
1.3053601544194386
1.3053091776810812
1.3053091776810812
1.3053091776810812
1.305249131292493
1.305249131292493
1.305249131292493
1.305208970304337
1.305208970304337
1.3051943832565518
1.3051345518565884
1.3050857117389998
1.3050701872719561
1.3050701872719561
1.3050701872719561
1.3050701872719561
1.3050546209841638
1.3050390136803753
1.3049882058888105
1.3048752559455934
1.3048752559455934
1.3048752559455934
1.3048341918335462
1.3048341918335462
1.3047739477869282
1.3047739477869282
1.3047739477869282
1.3047739477869282
1.3047136175546343
1.304697488058777
1.304697488058777
1.304697488058777
1.304697488058777
1.304681317394069
1.304681317394069
1.304681317394069
1.304681317394069
1.3046288556311656
1.3045761665225342
1.3045761665225342
1.3045761665225342
1.3045167482885394
1.3044787077566806
1.3044787077566806
1.3044787077566806
1.3044787077566806
1.3044787077566806
1.3044787077566806
1.304427637832998
1.304427637832998
1.304427637832998
1.304298194386836
1.3042437709317762
1.3042257921302702
1.3042257921302702
1.3041705669762313
1.3041705669762313
1.3041705669762313
1.3041705669762313
1.3041705669762313
1.3041150982745837
1.3040959493335642
1.3040959493335642
1.3040959493335642
1.3040959493335642
1.3040959493335642
1.3040767514737317
1.3040767514737317
1.3040767514737317
1.3040767514737317
1.3040767514737317
1.3040180861402346
1.3039984787980723
1.3039984787980723
1.303863533430569
1.303823545446249
1.303763096834344
1.3037236659618308
1.3037236659618308
1.3036636850930199
1.3036636850930199
1.3036636850930199
1.3036636850930199
1.3036636850930199
1.3036072814071222
1.3036072814071222
1.3035693157262929
1.3035313387072254
1.3034933494177106
1.3034933494177106
1.3034933494177106
1.3034933494177106
1.303471641149913
1.303471641149913
1.303471641149913
1.303471641149913
1.303471641149913
1.3034136160108478
1.3034136160108478
1.3033598271721516
1.3033598271721516
1.3033598271721516
1.303337082337672
1.303299629719611
1.3032458577309933
1.3032219733131594
1.3032219733131594
1.3030616381465787
1.3030394641057073
1.3028808717528988
1.3028808717528988
1.3028808717528988
1.3028383192969692
1.3028383192969692
1.3028383192969692
1.3027957581385403
1.3027356066092979
1.3027137343120434
1.3026527677979975
1.3025932861325786
1.3025932861325786
1.3024227471012195
1.302360968947549
1.302360968947549
1.302360968947549
1.3022990937449668
1.3022774399481505
1.3022557380076247
1.3022557380076247
1.3022557380076247
1.302233988955997
1.302233988955997
1.302233988955997
1.302233988955997
1.3020649825555446
1.3020185024128164
1.3020185024128164
1.3020185024128164
1.301953791969551
1.301907739872264
1.301907739872264
1.301907739872264
1.301907739872264
1.3018616816605686
1.3018616816605686
1.3018616816605686
1.3017967225973548
1.3017967225973548
1.3017747988194088
1.3017090599467838
1.3016639115439481
1.3016187541146576
1.3016187541146576
1.3016187541146576
1.3014298158685453
1.3014298158685453
1.3013652297887217
1.301300552821145
1.301278735360116
1.3012313225951788
1.3012313225951788
1.3012313225951788
1.3012313225951788
1.3012313225951788
1.3011839027412342
1.3011364750659296
1.3011364750659296
1.3010725641513876
1.3010073823921144
1.3010073823921144
1.300802084562918
1.300802084562918
1.300802084562918
1.300802084562918
1.300802084562918
1.300802084562918
1.3007330178575154
1.3007330178575154
1.3007330178575154
1.3007330178575154
1.300667671094328
1.300598862466807
1.300598862466807
1.300598862466807
1.3005298126531162
1.3004653480917743
1.3002442308405022
1.3002442308405022
1.3002442308405022
1.3002442308405022
1.3002442308405022
1.3002442308405022
1.3002442308405022
1.3002442308405022
1.300194616115334
1.300194616115334
1.2999705340462786
1.2997464382775188
1.2997464382775188
1.2997464382775188
1.2997464382775188
1.2997464382775188
1.2996909346034067
1.2996909346034067
1.2996909346034067
1.2996354341877605
1.299618603718928
1.2993913470358605
1.2993174759113704
1.2993174759113704
1.2990876874177641
1.2990112432292504
1.2990112432292504
1.2990112432292504
1.2990112432292504
1.2989255184591035
1.2988493249360682
1.2988493249360682
1.2986106583468322
1.2986011530014399
1.2985221915945158
1.2985221915945158
1.2984431959468044
1.298433305564771
1.2983696330683145
1.2983696330683145
1.2982804494684825
1.2982804494684825
1.2982804494684825
1.2980356982138834
1.2980282899175393
1.2980282899175393
1.2980282899175393
1.2977865721495458
1.2977865721495458
1.2975448745482003
1.2975448745482003
1.2975435257477632
1.2975435257477632
1.2974423691413213
1.2974423691413213
1.297440876260059
1.2972015641285028
1.2972015641285028
1.2972015641285028
1.2972015641285028
1.2972015641285028
1.2972015641285028
1.2971999743080231
1.2969576124540998
1.2969576124540998
1.2968489569083301
1.2968489569083301
1.296844392910305
1.296844392910305
1.296765776886556
1.296765776886556
1.2967613085660026
1.296652877834448
1.2965617516945338
1.2965617516945338
1.2965617516945338
1.2965617516945338
1.2962998182006074
1.2962998182006074
1.2960379302710638
1.2959218772039358
1.2959218772039358
1.2959218772039358
1.2958370075101775
1.2958370075101775
1.2958370075101775
1.2958370075101775
1.2958370075101775
1.295826242095018
1.2958155301439183
1.2957190943353618
1.2956342379148265
1.2955181666754514
1.2955181666754514
1.2955181666754514
1.2954217610677725
1.2954217610677725
1.2951332084421394
1.2951332084421394
1.2948447161691878
1.2947529845004655
1.2947353370493886
1.2947353370493886
1.2947353370493886
1.2946110163264768
1.2945933352054129
1.2945933352054129
1.2945933352054129
1.2945933352054129
1.2944690315940048
1.2943666432865024
1.2943666432865024
1.2943666432865024
1.2943666432865024
1.2942744947594462
1.2942744947594462
1.2942744947594462
1.2942744947594462
1.2941721164310789
1.2940698273661748
1.2937500921181069
1.293621261064553
1.293621261064553
1.2935159632080375
1.2935159632080375
1.2935159632080375
1.2935159632080375
1.2935159632080375
1.2935159632080375
1.2935159632080375
1.2935159632080375
1.2935159632080375
1.2935159632080375
1.2934197468516397
1.2933976320413212
1.2933976320413212
1.2933976320413212
1.2933013500760169
1.2933013500760169
1.2933013500760169
1.2933013500760169
1.293172079109834
1.2930664249346309
1.2930664249346309
1.2929371959496272
1.2928315247475595
1.2928315247475595
1.2928315247475595
1.2928315247475595
1.2928315247475595
1.2928315247475595
1.2927259656216459
1.2926290969071104
1.2926290969071104
1.2925235377345108
1.2925235377345108
1.292159792014098
1.2921326139820282
1.2921326139820282
1.2921326139820282
1.2921326139820282
1.2921326139820282
1.2920314817215313
1.2920314817215313
1.2920314817215313
1.2920314817215313
1.29200422026063
1.29200422026063
1.2916282701597006
1.291516027960133
1.291516027960133
1.2914039416899379
1.29129822679598
1.290911761575588
1.2907964312006295
1.2907964312006295
1.2907964312006295
1.2907964312006295
1.2907964312006295
1.2907964312006295
1.29068642269103
1.29068642269103
1.29068642269103
1.290540877803838
1.290540877803838
1.290540877803838
1.290540877803838
1.2905039715362328
1.2905039715362328
1.2905039715362328
1.2905039715362328
1.290467204163965
1.2900598320640178
1.2900598320640178
1.2899447015037928
1.2899447015037928
1.2895331201379856
1.2895331201379856
1.2895331201379856
1.2895331201379856
1.2895331201379856
1.2895331201379856
1.2894137739150433
1.2894137739150433
1.2892571090617062
1.2892571090617062
1.2888362717672028
1.288415586800055
1.2879950650823904
1.2878623109621636
1.2877297071703302
1.2873006356554122
1.2871638345178573
1.2870271946837242
1.2868907172270565
1.2867511739689403
1.2867511739689403
1.2865712287251223
1.2861204043342185
1.2856697861963902
1.2856697861963902
1.285219385987092
1.285219385987092
1.2847692153775796
1.2845688567068578
1.2845688567068578
1.2843693217167502
1.2843693217167502
1.2843693217167502
1.284213739538459
1.2837496365851961
1.2835450748010038
1.2833414084384722
1.2833414084384722
1.2833414084384722
1.2828672163754269
1.2828672163754269
1.2826992051465493
1.2826992051465493
1.2825969957721324
1.2825969957721324
1.2825969957721324
1.2824951434964327
1.2823936514119725
1.2823936514119725
1.2822925226009343
1.2817938655081476
1.2817938655081476
1.2817938655081476
1.2817938655081476
1.2812955085570725
1.2807974646241316
1.2802997465791712
1.2802997465791712
1.2801093203436784
1.2801093203436784
1.2799191772617957
1.2799191772617957
1.2797964028422504
1.2796055080018767
1.2794188973046245
1.279294657436232
1.2791021852927302
1.2791021852927302
1.2788603425657092
1.2783236905015964
1.2783236905015964
1.2783236905015964
1.2783236905015964
1.2783236905015964
1.2783236905015964
1.278125445713582
1.277931760488079
1.277931760488079
1.2777329552950756
1.2775344664344443
1.2775344664344443
1.2769791481629928
1.2769791481629928
1.2769791481629928
1.2767760478409467
1.2765761768847403
1.2765761768847403
1.2765761768847403
1.276433196739316
1.276433196739316
1.276433196739316
1.276433196739316
1.2762331014916761
1.2762331014916761
1.2760337797672965
1.275827178348487
1.2756209209207228
1.275032574930794
1.275032574930794
1.2748802240227881
1.2748802240227881
1.2748802240227881
1.2748802240227881
1.2748802240227881
1.2748802240227881
1.2742866846749188
1.2742866846749188
1.2742866846749188
1.2741292941187214
1.2741292941187214
1.27397249794677
1.27397249794677
1.27397249794677
1.27376035277593
1.273151640515407
1.2729257170471313
1.2729257170471313
1.2727615764036542
1.2727615764036542
1.2724691787912468
1.2721786012439307
1.2721786012439307
1.2718898614327054
1.2716586783521036
1.2716586783521036
1.2716586783521036
1.2714279092984782
1.2714279092984782
1.2714279092984782
1.2711381715027876
1.270850336284896
1.2706242638706267
1.2706242638706267
1.270449179544737
1.270449179544737
1.270449179544737
1.270449179544737
1.2702229426686247
1.2702229426686247
1.2702229426686247
1.2702229426686247
1.2699862889437354
1.2699862889437354
1.2696949887353954
1.2696949887353954
1.2696949887353954
1.2696949887353954
1.2694573509828133
1.2694573509828133
1.2692287822958392
1.2692287822958392
1.2689368619388863
1.2687543218713173
1.2687543218713173
1.2680414774569377
1.267329203901434
1.2666175194403817
1.2666175194403817
1.2659064422958795
1.2659064422958795
1.2656568511149469
1.2649414882756753
1.2646703536692507
1.2639498486345608
1.2639498486345608
1.2636904244431186
1.2633556890429116
1.2630961142006525
1.2628687399620298
1.2626090689996787
1.2626090689996787
1.262350736649191
1.2620657442459624
1.2620657442459624
1.261725629837794
1.261725629837794
1.261725629837794
1.261725629837794
1.261725629837794
1.2614926920337257
1.2611533571696687
1.2608908413095765
1.2608908413095765
1.2605998722365235
1.2605998722365235
1.2603627959987704
1.2603627959987704
1.259566172644071
1.259566172644071
1.2593232988790817
1.2590814241601502
1.2590814241601502
1.2590814241601502
1.2587291040450703
1.2587291040450703
1.2587291040450703
1.2587291040450703
1.2587291040450703
1.2587291040450703
1.2584558519662097
1.2584558519662097
1.258150687153625
1.2573228582027278
1.2573228582027278
1.2573228582027278
1.2570119160871012
1.256650497022862
1.2563937123182354
1.2563937123182354
1.2563937123182354
1.2560334246262463
1.2557492124225813
1.2557492124225813
1.255390601885606
1.255390601885606
1.2551294324752382
1.2548438379534002
1.2548438379534002
1.2548438379534002
1.253964978573995
1.253964978573995
1.25363576401713
1.2527510516607778
1.2524158424147942
1.2524158424147942
1.2524158424147942
1.2524158424147942
1.2524158424147942
1.2521182545366376
1.2518224440651489
1.2509211998608438
1.2509211998608438
1.2509211998608438
1.2505346144255551
1.2505346144255551
1.2505346144255551
1.2505346144255551
1.2501516732171172
1.2498034528252808
1.2498034528252808
1.2494560120097487
1.2494560120097487
1.248528031839929
1.248528031839929
1.248528031839929
1.2482170597854878
1.2482170597854878
1.2479091170037737
1.2475151835986211
1.2465681961784802
1.245622245079293
1.2452491005322925
1.2452491005322925
1.2452491005322925
1.2452491005322925
1.2442972651917348
1.2442972651917348
1.2438842777335866
1.2434755380141747
1.2425109517982784
1.2421648850501597
1.2418235486579172
1.2418235486579172
1.2418235486579172
1.2414844543360668
1.240502141846877
1.240502141846877
1.2400985851440522
1.239110314237935
1.239110314237935
1.2386772900493173
1.2386772900493173
1.2386772900493173
1.2386772900493173
1.2382489893830715
1.2382489893830715
1.2382489893830715
1.2378957924010576
1.2368893496728595
1.2368893496728595
1.2368893496728595
1.2368893496728595
1.2368893496728595
1.2365329968176426
1.2361078499153106
1.2361078499153106
1.2356837318439884
1.2346584531182656
1.234261906082107
1.233828896482075
1.233828896482075
1.233828896482075
1.233828896482075
1.2334617876838603
1.2334617876838603
1.2334617876838603
1.2330099119958298
1.2325632543116438
1.2315043600407622
1.2315043600407622
1.2304468430497655
1.2299936276366956
1.2299936276366956
1.229541552998845
1.229541552998845
1.229541552998845
1.2290906265519428
1.2290906265519428
1.2290906265519428
1.22866101517439
1.22866101517439
1.2282735031795733
1.2282735031795733
1.227806945259607
1.227806945259607
1.2273460721809208
1.2273460721809208
1.2273460721809208
1.2273460721809208
1.2269108607803918
1.2264531262761313
1.2264531262761313
1.2253315153501516
1.2242114196512388
1.2238072343181854
1.2238072343181854
1.2238072343181854
1.2238072343181854
1.2238072343181854
1.2238072343181854
1.2238072343181854
1.2238072343181854
1.2238072343181854
1.2238072343181854
1.223340010190267
1.222882263460958
1.222882263460958
1.2224265954887112
1.2224265954887112
1.222019043905605
1.222019043905605
1.222019043905605
1.22152696237928
1.2203648688750153
1.2198875618977973
1.2194732642432315
1.2190622116794798
1.2190622116794798
1.2190622116794798
1.2190622116794798
1.2190622116794798
1.2185877113285397
1.218110351646028
1.2176984856506
1.2176984856506
1.2176984856506
1.2176984856506
1.2176984856506
1.2171856763900468
1.2167051432088674
1.2167051432088674
1.2162268691791709
1.2162268691791709
1.2157092559302678
1.2152269510723785
1.214708335763628
1.214708335763628
1.214708335763628
1.214230484081283
1.214230484081283
1.213710933927099
1.213285867666993
1.212810858992743
1.212810858992743
1.212810858992743
1.2123428490497108
1.2110588044449324
1.2106276406713004
1.2101183879502273
1.2101183879502273
1.2101183879502273
1.2101183879502273
1.2101183879502273
1.2101183879502273
1.2101183879502273
1.20957997525685
1.20957997525685
1.2090699994269392
1.2085625051106461
1.2085625051106461
1.2085625051106461
1.2081257855887968
1.207692805517291
1.207692805517291
1.207692805517291
1.2063560505140172
1.2063560505140172
1.2050212326197136
1.2050212326197136
1.2050212326197136
1.2044566551762466
1.2044566551762466
1.2039254037513631
1.2039254037513631
1.2039254037513631
1.2034244780246122
1.2034244780246122
1.2020670773940585
1.201489827296218
1.201489827296218
1.201033485486247
1.201033485486247
1.201033485486247
1.200455642459268
1.1998794687643246
1.1998794687643246
1.1998794687643246
1.1994227672581776
1.1989702070369865
1.1989702070369865
1.1989702070369865
1.1984579170763077
1.197051195325045
1.1965404519089797
1.1965404519089797
1.1960824267272188
1.1955074246940829
1.1955074246940829
1.1955074246940829
1.1950512709730354
1.1950512709730354
1.1944510508536648
1.1938526052435885
1.1933964394355796
1.1933964394355796
1.1933964394355796
1.1927976158887177
1.1913318218838769
1.1913318218838769
1.1907260514636788
1.19012212373673
1.1895200491718165
1.1895200491718165
1.1895200491718165
1.1889888164298879
1.1889888164298879
1.1889888164298879
1.1889888164298879
1.1889888164298879
1.1889888164298879
1.1885205951292515
1.1885205951292515
1.1870177405518774
1.1870177405518774
1.1865479710371387
1.185041328862309
1.185041328862309
1.183537109150702
1.183537109150702
1.183537109150702
1.183537109150702
1.183537109150702
1.1830598952930274
1.1830598952930274
1.1830598952930274
1.1830598952930274
1.1824119293661652
1.1824119293661652
1.1824119293661652
1.1824119293661652
1.1824119293661652
1.1824119293661652
1.1824119293661652
1.1817729257671068
1.1817729257671068
1.1817729257671068
1.1812958962698894
1.1807410079460174
1.1802672391435405
1.1802672391435405
1.1802672391435405
1.1796233798570905
1.1796233798570905
1.1780686928293738
1.1780686928293738
1.1780686928293738
1.1780686928293738
1.177512705880424
1.177512705880424
1.177512705880424
1.177512705880424
1.1768595383795994
1.1761826836039195
1.1756994194020822
1.1751467015951857
1.1751467015951857
1.173555568234395
1.1730066166068118
1.1723357606034492
1.1723357606034492
1.1723357606034492
1.1723357606034492
1.1717950725760655
1.1711240273244123
1.1711240273244123
1.1695043826867733
1.1695043826867733
1.1695043826867733
1.1695043826867733
1.1695043826867733
1.1689657210158453
1.1682855683221705
1.1666533155545646
1.1666533155545646
1.1666533155545646
1.1659664586448448
1.1659664586448448
1.1643281090694861
1.1643281090694861
1.1643281090694861
1.1643281090694861
1.1643281090694861
1.1643281090694861
1.1643281090694861
1.1635831779844992
1.1628857447807417
1.1621407468849754
1.1621407468849754
1.1621407468849754
1.160474955204858
1.160474955204858
1.160474955204858
1.160474955204858
1.160474955204858
1.15976697562433
1.1590614163040467
1.1590614163040467
1.1585247796023865
1.1577623399010675
1.1577623399010675
1.157228963656391
1.157228963656391
1.157228963656391
1.157228963656391
1.157228963656391
1.157228963656391
1.155524874436378
1.155524874436378
1.1548041504064213
1.1548041504064213
1.1548041504064213
1.1540282597938178
1.1540282597938178
1.153306063376255
1.1525303893209333
1.1525303893209333
1.1507898076962872
1.1507898076962872
1.1490524531417554
1.1490524531417554
1.1490524531417554
1.1490524531417554
1.1484961299397256
1.1467557300611313
1.1467557300611313
1.1450186567610776
1.1450186567610776
1.1450186567610776
1.1450186567610776
1.1442565418767257
1.1425138332037093
1.1407745561280471
1.1401428083106042
1.1401428083106042
1.139524864662123
1.139524864662123
1.139524864662123
1.1389441024272071
1.1389441024272071
1.1389441024272071
1.1380920537338453
1.1380920537338453
1.137302720853742
1.137302720853742
1.137302720853742
1.137302720853742
1.137302720853742
1.137302720853742
1.135527599854535
1.1346651489333104
1.1346651489333104
1.1346651489333104
1.132882826523209
1.132882826523209
1.1311041677100522
1.1304704964546208
1.1286891450061283
1.1277962022838293
1.1277962022838293
1.1269619984428199
1.1263311754608019
1.1254974317642248
1.1248792206069624
1.1248792206069624
1.1242583277859535
1.123422534997944
1.123422534997944
1.1228067404425748
1.122197943031215
1.122197943031215
1.1216046346804445
1.120764579292692
1.120764579292692
1.1199276865848034
1.1199276865848034
1.1180566973212243
1.1180566973212243
1.1172138638789317
1.1163742613452154
1.1163742613452154
1.1157463887212222
1.1147949128309835
1.113848863139035
1.113848863139035
1.1132489540716366
1.1126213384548158
1.1120361960325085
1.1110869812252953
1.11046300176444
1.1098473321743834
1.1098473321743834
1.108982950839657
1.1080287997409175
1.1080287997409175
1.1071633505896243
1.1071633505896243
1.1071633505896243
1.1051776684051227
1.1042134481337087
1.1032549846296684
1.102662708117215
1.1017073899371437
1.100757907908873
1.0998666191812747
1.098978887248693
1.0983944902867804
1.0963381713935039
1.094286369935626
1.093381093311363
1.092479498591642
1.092479498591642
1.092479498591642
1.092479498591642
1.0904134142239377
1.0904134142239377
1.0897476511237907
1.0897476511237907
1.0897476511237907
1.0887473880664305
1.0887473880664305
1.0866682808912982
1.0856631296252446
1.0856631296252446
1.0856631296252446
1.0835776610943075
1.0835776610943075
1.0835776610943075
1.0835776610943075
1.0835776610943075
1.0826400070790865
1.0826400070790865
1.0826400070790865
1.0805499408294035
1.0798655146925482
1.0798655146925482
1.0798655146925482
1.0792518584123487
1.0792518584123487
1.0786577858399808
1.0779802033188086
1.077027427550414
1.077027427550414
1.077027427550414
1.0759860757113238
1.0750327322014677
1.0740834224985816
1.0740834224985816
1.0740834224985816
1.0731381640110795
1.0724571942903371
1.0714059064106431
1.0714059064106431
1.0714059064106431
1.0704577018899828
1.0704577018899828
1.0695136159872907
1.0695136159872907
1.0695136159872907
1.0695136159872907
1.0695136159872907
1.0689191231692363
1.0689191231692363
1.0679771353980936
1.0672944301431178
1.0672944301431178
1.0672944301431178
1.0672944301431178
1.066354135498925
1.066354135498925
1.0654180327686449
1.0643459121530845
1.0643459121530845
1.0621006116310543
1.0621006116310543
1.06151194275913
1.060944499946192
1.060944499946192
1.060944499946192
1.0598631887945407
1.0598631887945407
1.0576017292985598
1.0576017292985598
1.0569030789318616
1.0569030789318616
1.0569030789318616
1.055937416879257
1.055937416879257
1.0553812978735215
1.0531048005041692
1.0531048005041692
1.0525660122777296
1.0525660122777296
1.0525660122777296
1.0502906003589727
1.0502906003589727
1.0493071033603734
1.0485992935755142
1.0485992935755142
1.0474712541134816
1.0463507705689836
1.0463507705689836
1.04564817405318
1.04564817405318
1.04564817405318
1.04564817405318
1.0446552359003785
1.0441245554526586
1.0441245554526586
1.0441245554526586
1.0441245554526586
1.0441245554526586
1.0441245554526586
1.0431345468462043
1.0420076820764503
1.0420076820764503
1.0414963401209694
1.0414963401209694
1.0391428164281602
1.0367951688406114
1.0367951688406114
1.0362991846533778
1.035584471587559
1.034881629532055
1.034407381090269
1.0339569220738016
1.0315918976592129
1.0305630926203193
1.0293917398658765
1.0289591209054048
1.0265759932892087
1.0255367971171958
1.0255367971171958
1.0251243539477142
1.0251243539477142
1.0251243539477142
1.0227350417383354
1.0223445574741648
1.0211494258950171
1.0211494258950171
1.0211494258950171
1.0211494258950171
1.02042541604518
1.0192356839677077
1.0192356839677077
1.0185213328234088
1.016100500543741
1.0136860928852662
1.0136860928852662
1.01260717351721
1.0118912927659314
1.0118912927659314
1.0118912927659314
1.0115153685760037
1.0108118631692744
1.0108118631692744
1.0108118631692744
1.0108118631692744
1.0108118631692744
1.0097323740444974
1.0097323740444974
1.0097323740444974
1.0093809401972107
1.0081565205976757
1.0081565205976757
1.0081565205976757
1.0081565205976757
1.0081565205976757
1.0069408971207674
1.0069408971207674
1.0069408971207674
1.0069408971207674
1.0069408971207674
1.0069408971207674
1.0069408971207674
1.0069408971207674
1.0069408971207674
1.0069408971207674
1.0044747302219952
1.0032566127675424
1.0025491590448106
1.0022183423873294
1.0022183423873294
1.0015238379333289
1.000842820103537
1.0005380043134253
0.9994309787087998
0.9969298861623078
0.9969298861623078
0.9969298861623078
0.9969298861623078
0.9969298861623078
0.9969298861623078
0.9969298861623078
0.9969298861623078
0.9956947257015443
0.9950165744600205
0.993898597676734
0.9927861893904297
0.9902561389215137
0.9902561389215137
0.9902561389215137
0.9895821330813701
0.9895821330813701
0.9870538134963662
0.9867678403525091
0.9842450565607079
0.9842450565607079
0.9842450565607079
0.9842450565607079
0.9842450565607079
0.9842450565607079
0.9835744006517639
0.9835744006517639
0.982434215596925
0.982434215596925
0.9817758059419155
0.9815156866668147
0.9815156866668147
0.9802300023970383
0.9776820523036748
0.9776820523036748
0.9776820523036748
0.9751414414519203
0.9751414414519203
0.9739808089531758
0.9739808089531758
0.9737463570103675
0.9737463570103675
0.9735414886978905
0.9735414886978905
0.9723860115404566
0.9717248319859114
0.9704133131585357
0.9704133131585357
0.9702373859502251
0.96908086945136
0.96908086945136
0.96908086945136
0.9684300112017887
0.9672775292295679
0.9672775292295679
0.9672775292295679
0.9672775292295679
0.9672775292295679
0.9672775292295679
0.9666397731568225
0.9654914230854729
0.9654914230854729
0.9648669147528437
0.9648669147528437
0.9642576222825592
0.9629324301807294
0.9629324301807294
0.9629324301807294
0.9629324301807294
0.9629324301807294
0.9617818450561764
0.9617818450561764
0.9617818450561764
0.9617818450561764
0.961183829141075
0.961183829141075
0.9600376505799522
0.958711313478841
0.9575667822763372
0.9562462761852608
0.9562462761852608
0.9535621728361713
0.9535621728361713
0.952410148393682
0.952410148393682
0.9518137984458868
0.9504857777940343
0.9491683776691554
0.9491683776691554
0.9491683776691554
0.948012069003208
0.9468622004773097
0.9468622004773097
0.946713498201166
0.9453978121189488
0.9452811943662586
0.9439762623684386
0.9412226230333056
0.9412226230333056
0.9412226230333056
0.9399174518066994
0.9399174518066994
0.9399174518066994
0.9398335037317254
0.9398335037317254
0.9392351606971987
0.9364746002548725
0.9364240202625516
0.9351171898758843
0.9351171898758843
0.9323545209054651
0.9323545209054651
0.9310479735800561
0.9304539092518389
0.9298767150933109
0.9298767150933109
0.9298767150933109
0.9298767150933109
0.9293164154498628
0.9293008496347073
0.9280003003118997
0.9280003003118997
0.9267110863908556
0.9267110863908556
0.9239133056328978
0.9239133056328978
0.9239133056328978
0.9226249119281568
0.9226249119281568
0.9198252218989424
0.9185947242644138
0.9180371544240141
0.9180371544240141
0.9167438510748676
0.9167438510748676
0.9167438510748676
0.9167438510748676
0.9162020866979057
0.9162020866979057
0.9162020866979057
0.9162020866979057
0.9162020866979057
0.9149713257906977
0.9121437481877388
0.9121437481877388
0.9121437481877388
0.911614577934661
0.9103801627694579
0.9091529121801811
0.9086387787663175
0.9073293444643242
0.9073293444643242
0.9073293444643242
0.9073293444643242
0.9073293444643242
0.9073293444643242
0.9060319137311028
0.9060319137311028
0.9060319137311028
0.9031669869991499
0.900311179920587
0.8998054561341349
0.8998054561341349
0.8998054561341349
0.8998054561341349
0.8998054561341349
0.8998054561341349
0.8985559296773427
0.8985559296773427
0.8985559296773427
0.8973137982508659
0.8973137982508659
0.8968238908456925
0.8968238908456925
0.8968238908456925
0.8968238908456925
0.8955879209699431
0.8942666866547517
0.8929578787196848
0.8929578787196848
0.8929578787196848
0.8916615406340074
0.8916615406340074
0.8903777154529909
0.8903777154529909
0.8874565624109418
0.8874565624109418
0.8874565624109418
0.886202726592271
0.8849175486145278
0.8849175486145278
0.8849175486145278
0.8844339766537495
0.8844339766537495
0.8831826152902256
0.8802397383810805
0.8802397383810805
0.8802397383810805
0.8802397383810805
0.8802397383810805
0.8802397383810805
0.8773065389448913
0.8773065389448913
0.8768350892555221
0.8739087450274035
0.8739087450274035
0.8734540183208324
0.8705347690560641
0.8692152757895362
0.8692152757895362
0.8692152757895362
0.8692152757895362
0.8692152757895362
0.8662961787458652
0.8662961787458652
0.8649802686222529
0.8649802686222529
0.8620615610027703
0.8620615610027703
0.8620615610027703
0.8616163790572269
0.8616163790572269
0.8611914246640708
0.8582778270063394
0.8569587813743302
0.8556479470378399
0.8543161025186176
0.8543161025186176
0.8513853773470296
0.8513796176298875
0.8484584597189457
0.8484584597189457
0.8484584597189457
0.8484584597189457
0.8480438033330546
0.8476500450079922
0.8447349242958548
0.8447349242958548
0.8433861762658629
0.8433861762658629
0.8433861762658629
0.8433861762658629
0.8430104242841472
0.8430104242841472
0.8430104242841472
0.841670285374329
0.841670285374329
0.841670285374329
0.841670285374329
0.841670285374329
0.841670285374329
0.841670285374329
0.841670285374329
0.841670285374329
0.841670285374329
